        a          b         p       ABSOLUTE ERROR     RELATIVE_ERROR  
****************************************************************************
 1. 0.500000   1.000000   0.750000       0.250000        0.333333   
 2. 0.500000   0.750000   0.625000       0.125000        0.200000   
 3. 0.625000   0.750000   0.687500       0.062500        0.090909   
 4. 0.625000   0.687500   0.656250       0.031250        0.047619   
 5. 0.656250   0.687500   0.671875       0.015625        0.023256   
 6. 0.671875   0.687500   0.679688       0.007812        0.011494   
 7. 0.679688   0.687500   0.683594       0.003906        0.005714   
 8. 0.679688   0.683594   0.681641       0.001953        0.002865   
 9. 0.681641   0.683594   0.682617       0.000977        0.001431   
10. 0.681641   0.682617   0.682129       0.000488        0.000716   
11. 0.681641   0.682129   0.681885       0.000244        0.000358   
12. 0.681885   0.682129   0.682007       0.000122        0.000179   
13. 0.681885   0.682007   0.681946       0.000061        0.000090   
14. 0.681946   0.682007   0.681976       0.000031        0.000045   
15. 0.681946   0.681976   0.681961       0.000015        0.000022   
16. 0.681961   0.681976   0.681969       0.000008        0.000011   

TOTAL ITERATION IS :  16
THE APPROXIMATE ROOT :  0.681969