        a          b         p       ABSOLUTE ERROR     RELATIVE_ERROR  
****************************************************************************
 1. 0.000000   0.500000   0.250000       0.250000        1.000000   
 2. 0.000000   0.250000   0.125000       0.125000        1.000000   
 3. 0.125000   0.250000   0.187500       0.062500        0.333333   
 4. 0.187500   0.250000   0.218750       0.031250        0.142857   
 5. 0.187500   0.218750   0.203125       0.015625        0.076923   
 6. 0.203125   0.218750   0.210938       0.007812        0.037037   
 7. 0.203125   0.210938   0.207031       0.003906        0.018868   
 8. 0.203125   0.207031   0.205078       0.001953        0.009524   
 9. 0.205078   0.207031   0.206055       0.000977        0.004739   
10. 0.205078   0.206055   0.205566       0.000488        0.002375   
11. 0.205566   0.206055   0.205811       0.000244        0.001186   
12. 0.205811   0.206055   0.205933       0.000122        0.000593   
13. 0.205933   0.206055   0.205994       0.000061        0.000296   
14. 0.205994   0.206055   0.206024       0.000031        0.000148   
15. 0.206024   0.206055   0.206039       0.000015        0.000074   
16. 0.206024   0.206039   0.206032       0.000008        0.000037   

TOTAL ITERATION IS :  16
THE APPROXIMATE ROOT :  0.206032